$ANSIBLE_VAULT;1.1;AES256
35666535356364643366306539646564366439363836386566306430363636316130323831336434
3630356231386365323836373235653866366333336530340a653730663335366461313131376239
31653162626135323566356238643734393134303935353332613932383435353131366162326230
3032366332363366370a313138623930346430303731323962653937316165373535306561303332
33633030653131626330396135313136326164356264313230656266343162656365626663373964
30383965623765636661663338336366633038353237393832623837353964386237343335316633
32353164613539393165363731663431363238316537356136386132333632613661633861316336
63383865383238323462653237393866343232343833623764386432626338663934383163316461
34643463326435326166323131356363353834626237383531333266363664383737653066326638
30316234323930303936336164353730313861376332363665623730353736643339623035323538
35653066366561323236333534343761616435386631336364396633613264393335336464353561
35616237383639633265646664616233643236646135633831343562656162643138633831333839
38663764366137383061623731376531653833666235386566363963316466643037383765303930
61656233626435613839336538316537653565613765366663383261323561393136666161643933
63366562656166663532656462643230646632633434383061363664323564346365646130643034
64633133643732316665353162616166366562373335303536303336346336353134666464366239
35383161663338316631653264386132346365653139383931383737663632623564636163353164
38626635343661643430323433343266633835303036633637313431366462393338656364646638
35333636356562346632303865383233363234623138656566396532643530616637653262323530
35373365653337326635376533363261616434303637663438386531376131356338336265323136
32356637333033383631373330323263303037363535363833386465613064663334633134653535
64323133333666383966333765663465643539653466343135663864643532373234623161353566
34656538316463303864316138393936353934333361653232386134303436613165316138616635
37313761626535396133346532353831363435656433386339393661656565323635383032383566
66643832653232666234336634656166313130333562333661313961623461626131366166636332
63653264666533663466343437666465643835316334346431316262303166326331663433373166
39613262383332626437623437663062396231646263356531346337346362393932383065646165
61616532373837323132333462373533333230653266653662663635386532386662306539396361
63633836343036386238373065313063656661323165316536356466663234663862663635666530
32383533343666363766306664313833373634353231646433623864303937316562386562373763
65396463333837323236343535323461633038303235656665363239346464623838626263336337
39346234333931313064666139636434333035366337653761326464313633306136643966663434
32653361336330383732343731663038323331343436303630646136333166613762
