$ANSIBLE_VAULT;1.1;AES256
34353335343561303131336161663431303130373165313330313237353965613961353364376537
3438316234366366326631636233663231643836323664390a383265373034656662383531643634
38383336366166646631646365353266656437653636346566396435306262363962626361636262
3432333239643163630a656534313337343662613164333936383738343162336465326266313039
62366130643833393031653936383636643434356632346361303938343539663339343735376133
34646334376534343037666433633561333832663431616130373532313637373262363837653835
63386231316563626134643431353762613466396262653866363862336432303639326132343038
35353439383764666262373264613164333362376336326234303734316632313763393931393134
39316635633933323438663134616565326430346138396535613833373834383564336364363163
31386262316431333632656133393665303839633933616430646633343262616431633230383362
35656232613931393163373736313961393466323863663839656532343830616663346262656537
65356135333832663163303562386162383731353531303339653035636131653937386661383634
39356431316364306434303733333037356533346564356139613132633234326565353334646333
64306634303530653933346566636236316265653062653364643062646430633733636665303664
38376632336537323830393261383661353137623338353862616463353661623461316430333634
63373564386436333538313132653765313933653335616133623261343065626536386265623536
36613063613439626138636662643736326164663233303434643064643038623266623566646234
36663566653665623538343235646436313337316363656232366136663863323032616637343833
37643030316432306463353365623466626263613864643439623232373037353363636333626361
63633065333137323534613434356535613562653966366564663563333466356234636231626436
35653963376137333137313736303533653336616561393936316133626137653237373362333038
37333762616130363263383166356166366331653562313530663238633035313061346139386233
38643232343934373733303864616166376631306130306239623239613366326662663962323266
37323137373664326466656338323362353465613138323633653866366466616462396633623132
3238
