$ANSIBLE_VAULT;1.1;AES256
38303064396161326465663232373231303162326666373037656664393133336539373063303163
6236636532613839393033616532323962323764343664310a303230373466636432643835366230
66343331326162633063643863373737316231396331336661373437336561313364353635316231
3933616562663063320a393534393736363130626136373637376561626163633037613962643665
34653565643938663136653261326462646564366265393639663532336437613030636337383033
35386663623234343131346465353632393663613438303638393138303966643134316532323734
30336464353833333566303763386464316431623766303963613139666666666537633236313836
30313232346434356162396636656638656466626234616438653137313130386466343330363033
35303532313634613832653238613965623536346336623861313465306238633564343363626332
37326664326463373762326536623433383133326634313632663762393865316465316332373063
33656163383462646438303566633838343464323666313839663261333330383338636331376666
63396439356261643964663335633939306439316237636136363135643435663137396561623764
35313031633862366332316562313963653664656434326334313939663062613962336532373531
30616363303966636436313763373666626631363138316438326564636439373534373534383232
61363530366534616563623962643534326530643463373732626564653766313964616337323238
65323835626563366439316533333232333530663466353139353236316231653066346337373161
61353363616131343461316534393165346262346132376564313537343666326565613632646535
34626336323035653738613934303738303263663662313030356664363839666438313633666662
34383338383831643464636631633734313230323739396434613733656232323366373963343063
64316364343536326461613532636130373664326664303936356465636534643735373533396639
33396438663365613439303539303530343663363939386339303664643132613266653637396663
63373063323633376165636263376231343835346634356462336563653735383032313138643832
62633239396264386132356230376534636534303463323835386265366134363537376636363837
64383362333038623135646234336634343761633263626334363634363035613637653239353535
30366331623861383861623635303239663430366566333364376634636665666537396539393334
35386234633435623531626537323339313631333430623763616438323831323831666564353465
65616461383130363838666265356464373133633663336138323337323561633132666666316238
34616134376637646364393461646330303734656335353436396630653632366663623664343464
34663063343163656133666137383837303236363839303837363339353666626631383264376661
66666639623130323965643265333535623465386337383965376163313738373865656233643066
65346661303336653266616131313262343861376361653838323462393435396234336462623632
37666639616538326464363465626162353738383433323831636662353139393339393863393738
61356531353331383063373266316564316431343462613533393738313438616133393964343332
30326662393835653666616663616161616466613963656138353130386430643465313435326431
65613963373062323335336366333338373464333639376432323230343963363130336363353332
38333562353735323832326530653239343039646139383131336266663466656262393038623764
37613264336438623533333765663363376230663765323864363035623861353937326636383566
37363666356366653339383731393361303264353430663065393632313466633233633337366433
35616566373037353263386631386366363034323962626131633861333034643737323463636434
38346233633564636536623331323437646134313534313861343361383532623163393933383062
36373863353861303632393930306266663161396530613736326635653137396263666565303832
36303932303937316432386436363334613239313837306233396664656639656661306637663134
39333265366463306331323835623936346134353064393935353936623466346137663765373538
37333561356138396364626634386430623866323666333136306562616338663661653363353235
64353239653865613034373030626266353633313334643438313032323330343630393261613566
34383864333231366335316135633566363666643739333166383964303661356466633739613336
32633532366330343233623263653234616161623439343862346235666437333566623430653739
33336564396130613535356135396561336534643961623735326263303866363331656365623838
61326161396366373236353634363535656439626463323633656362343335383239393430353966
64386265663963613636356539353334333162313361643261653131303532343235313337653730
66643537613963303235323132336336376163363966383534373633306264383963626234323136
34633931623730616139653238333562313630396634396531353936396530306366393137616434
66646530386634373330356634383530376634366662306366363232643663643437333762633566
64643737346464653131653934616638323134386333623562376363323865396261303864353766
63393038393338623730366531626365353836616661613330633536343237353061613130396162
34373238626239636533336464363134353931653864313734363463666561353634653665623736
38326537376463653938373262623136376364326261333634646337363933643033323166336336
34616262373035616461313663633466623932663561313565623264633362636337636538383435
36636634663138383935313861356339336530623833306566323832343935373533346637636437
38373933666235336533343134663661646265663664626661663364306361666566646563306666
61636132383462353662376634366333396461313933666137356533383564306361616363353831
38336630646335633465323539633936356335653638313131346333616130623931383932393331
39666238663334326637623861316261356566313365326363323036306164373233366239373461
64376538353834643739623334616665633366383732666330373730346132383566643733303463
37336364633435386332383830393862623430343734616138363339343134333635343130353033
38343866363131633363313536323337643032643062366633616232303461363661306639373664
36643138663738336637346565383336643465646561626536343463623436383539373264643436
39353262316263383533643037303133396435396437633363313264366361653566393837633666
30303563623861393265336236643031613536633030303164636532306330653438383163386164
35303132636562353533636566393039373262663737366531376261393135313335646263616632
30363163326163313664313466326333356465663465383661356562646433316563363134636238
66316364663633366431346563333933383966373035613761366464323465333263656664323638
35663533303133643362643734666236323034653733366634643031613635323437326462663934
36343265626439383138613933333239383564386630313130613135383566326536663233396535
32306133366130646330313064356234306462313335613561643438373565393337316430636561
32386666653562656439376532653566643563653864626434393564393461623638323466613964
30383262656462626237396137393236383161636236373261626532646433313563396439663665
62386239336533653664666138383534383330663561613861666430353666376533626330383161
36643461303737396333623261613931643933373565383736663964663831636463326338613863
66343538373732353634636136386234346330353366363535303164396661666234346435343833
31626537663261343761363461616531353931326664613138383037633233303233643134616438
66616231663564373464393537623537353365393132306330623061336530666438313936393033
34313763343764373565373161326632363263383831386466363139303238633930623763306632
61653961363862356238356630366164313733363062313062626461653832363339373834656661
30333561663232313166626662303365363439656232656161313634623764313232663837656330
31346637663934363635663761323439303037393835653433343833303837653665346364376139
37323865663339333734613438383035353064313532316539303162363031653866656162363732
32323934323362303232623765616562316231363431653464303237633835356365323238643833
39643036326634396438626366613762393964333561646362346238393966353233636635313161
64356438333738383963383961356662313538306336393534353664313664303338636464633436
33613137653565393230316337393062626365383866323631346233373266373430353532303232
39343262316263313063623162383933393834633930663463313531363938373564303032353565
38316434303265613939366331336666323064653064313161333738353637363565623233386566
61313761356634373136353838386237313931353139326134326333333235626635613865663231
32343737356663323932656535333437363832306563356661316539636165353737623836363766
31636462386361323937633232396531656235306432376431396537326565643939376166633831
37316436663035356238373833636365336133633536303439643632646535366563623661373931
61306161373137623461396562323535663465613866663739366539333261343736393535373362
38343862346134633732623536353732623065386137376431666234373961613039303165653933
33323139363837626363353034393765373237356665386238303064373338626165303532356533
33336138393638396339656138646166663738376164653336366262306636313932636231346236
65323266616262623162663561346637623964653236393038636530633436323463646565313730
38626539653061643931313933343134326361303564616639613764633832303462323864613164
36653665343464336234623634376330633262623665303436653332616432366635326664623835
34636462383935613439623463393831623633666637393037323363663936336234386564646435
32616463323863623563613863613732326535613262303563633635663364323536363165323233
63303431623531393438636237356231653665306438396564316363326562323662613030303039
33373630653630633237316230613236393262653234313161613139386438323333393062646330
38666633313132323433373132336331636262333636376363623335303764366238646535353265
38376338323835663861353039363566366335323562336339613337376133333666663133333832
63363066646532666539636432333465383366363336636566333433393930333634623930303439
30626164326332303239343466373261316131303331376436636363346266643231663162313532
63363335333664646264386131306139643839613062626661613866333630316163666430386666
64623430636163356234313937323166656333326462616134386130376537366436656430336162
64636332663363663832303936643562336538626131633233633963613530313834376230653532
63373836666631613534333836663261653536643831393138303631366631346130616331343265
62653738383361346133653839646536326632353636323865626263303733363063396133626365
32386536656532613862353365376462336338313438653131323939643633353861353036633736
65653363303166376132346230313063356337386132303437326166636232356230373263613231
39633037646266316361303662663636323935653866643538333639653361363666616138353239
61643766373964323633663264613339656233613963373639383566383866356332643363346463
63363031616561626431366534663561393232316262633539633534353431626333316530616665
65623334386163636166633437313938303666346465636431323532353535623434306632393538
36326130333163653463383933656136633563383435636534633334336262633436633237623561
64393266613938383137383239343139656461646262316430626334346261346431323261613031
66656361356361616539353731333332323432306161353934303934316330353665623739343066
33393161613864363138343234346263623336353938376537663235346133373762373333373632
61393633376562313334636233633563643361636337613031643465633136373134653135393037
34326639346365363635626162643638353234633830343339663764313233353431363233663665
31313062393334396435346536343634366534303266383564663335363434376664396430366566
33633631663830616238613830663464386365626264383064613032633733313762666437643930
65346231653832386231613435373961343439616263343461366430303034613761663333363833
66366637363664653366396433313337666138643237373461353735393764666630393165363036
38346238346531333838353262353661333431396164373561653766373533343730396233633562
38303063623139303661666132666164643231393031313964626362653166326330316636646537
66383866653337386534363661613561353163366130643661633864343066653964356132333762
63363231646435666236316233323132313235353266363237313339636436653339393238613431
35373038353763336330653962336633613661376139633030636430383238386361346534366566
65643039303636356334393236646339356539343165653336663231663139663331653833313066
36396532363363366337396436376239663263373436623961633534323161386335326461333665
39393566323032346165633863303330666461373533663739393962613764646264373531643730
63633262313939303333333538353933646666373930373138663763383330313438653434646562
35373232633766623531323162373738663730613262643332363639646232303533353931346634
35396330613537643338633937323964346632316631383035336564316561616161346433643566
65613165346230343965653462633466663966613536343262376635353433383264626636393966
64366262316166313063356466623362616238333330353366353935343131313461373865303265
61623439393263626363646464383034666438346536633261343836323361383730646366376539
37376266316365643731306362313631393732646433306134393432383266383939363237663066
61346162383466383333656532383636363330623137383039313063643036353866636435653866
34643164636233383862326566343434313233376132633732343637383162623836636138663437
38336331366331306235306132396466303439326662653837356638306435633630386164613031
62346563356238386361626464333863383238383436306536316263666664393632656332393532
37663038643239653966636639343039393838376538663362613036383236306563343063633863
35383832373036376335323431306336383963303864663264643735653934653530613937656266
36323465313630636530643030636138343933333036346362336536323630353963623734393062
36656362636430663335616366306337313663313366393965393862633439303930323463383437
63626134326330353561666136303963653066333234613064386462316234623732336230626430
64653639313830386264653038633963626161333338626662653966303535613130613665333363
35353365393939636139653939643136333730613062613262393133373962646133356663353635
35653938653439356235393763393831323039353061653463643431356235353730303063373161
61396135613332653335653738366361303431326330663130633031363938626332333231306535
36333361633262336261333330356232376437373939303231323665383233623364313736316139
35626236623238613663306435383534326436353465373461633130383339353064666338393666
64626531346465626462393166326562646235373264643564613936646635306431653531386536
33336232613266376261353539386239623934306465333766336634323936323065306131396239
35306365326531636230663266633134646332633236386130663334626136646635336264333839
30346531383031303731613334393830366236366238633961323436393063373136353137623566
62386563626433633736363535383437663536356332383837643131623263333537623039393965
37353539393537613066393234623166343465316665383962633266613433396534383831653335
32366561343666363533626263386438323330643162373639383262363063316537666466656538
65323030363435666534373630333561666532393333663331376232383264646237636537353465
32623034356433336437306232616361363035383066306137396364646232653361373665393465
34363261393132306238613266363439343037333238636538666361303330353962626465636138
32356631636164306264336238653764666331633535303136336461306331633139333930383736
30363431616430363162393733323038353236366466333436336136633938373039656239353339
36383530366131346330333166623065336166393064373665323531366530663037393632653462
31666638323632376130373636383965303261353630343032643839656235366365666637336331
34303539313031303731643035633566633836643332353530653236643434396532656336393035
31616534643137383530376137363937326262303036623136306538633531653565363335653165
62353266383835663233323166303366303239353130373430373430323935646131346663376163
62303464653435333466343836316136333963643633373531346636633761336333653566653662
65333164303338306336613038363238636438663833303264663338393265353865653632326132
32666662643538306466363465636538303264663838623862633265656536386137663366343134
66366136613636666532643539376235623638373835626363663838366164366237323864333637
64646263353235303362653166333136353563313136386663353566666636626263613733636333
36396636356339626331366563346334656235333039333239663539363338376365636336643361
61313930343866353165323336663434316134373731323439663266306363303732633466396235
39633634386433626634363362303433313266316365336130383061373861666139636539333064
65303833303736343363323938626161646662643338633232323735323066663733343165623230
34636364343163653762376534366362646362336563363234656338653664613061396531393834
39373734303634323838376462613331613561376466653137323739313866323062643836393934
34653333353839363661333963393165656534663038376164323466626464313037323062303633
37653132653832376132613734626262633766326466306165353032623338303661356236346431
30663865396434643938396234306638636137393333633139636534343865366230613030383536
64636633343336623530343230623563306139303137376164333330303665643064643636646336
34326637323037333634353230373463633739613166366538396135303963336230613065316334
32616337643566623762396661363165396333636262393164656331396531643065636138636533
31613933656530646537653164623530313131623035333830376238356362653330393632386533
35323935633732633261663631666131626233356537346333396262303463303139303434326362
38626438303739336466643063663866653232363766366365666631393832633735326166313931
32663163353562383534386331383163353565613336613836663361623666356233326333636563
64646364366163396633363961326362386563356239623162346535633630633534613366373134
30376439356364653531363361376433636230306661613033663565646564613664303436623065
64643634643663663833613438356530636666353531616330313138623863633363373961373164
32646237666239633365313831666130623863663736363133623933366533303864666137633561
66393935306165623833386432633237356435353431343132363365376666626530646434333166
37373430663264396262643364633432373365366130373763333065366562323436353366396637
30316466663234383565396563326463376566613631326437383631623739653237336134306235
36373866663862393964636363613264656562333432656364323866616562383861623236643030
61303366613064373435373939633866633833316663376437633339313965623263383030663739
30383261643661636364643833633134623165613034393430623735336338343831326330363661
62353537653932653165353765363061343732383134333763386137653865663139653833316461
34373865353131366431306634383366303665316662366364613339333332333661373738663233
65646462386538613535646361643761653334343337316331313839656532376232666537633864
36356664366661306164333262326138323463613630653133316266363938646337613832663364
65376433306132383964353733633566313730373431666432386566306134363863323134613666
33303563363162313133623432313630303939373333393764633137333562653033663531356263
64333462653261383931383665656632323632646462373461303737353863353235303065343264
36336165363863643439633564396537613936613139396133313932336434653565356139373834
38643734356264376632313738613034623836383330613337326666376333643535333531363039
64653332343762313066613835663231363464316131386132646632326165613162623236336366
32393465623262326664343734356238343831313535323361353034336230663937323535313535
36356665393666383933616364646632316235666236326533313462313466663661363661326263
31616234656334333935326635383730643236313530303634323130646462336631643263633961
64363966623765373831636231383538346439323730636537363330326536393932326130383737
34613665323738313533313538386433626633656639343664653432636637383030396639356532
33346534623338643439373965623832346235353436613164353732346531356334343937323638
65363163613962313639346239393937663936343761303533636662323362386465386138656130
31373333316536663764323637653865356435373161306437386537333333386663363139333030
65386131346138323762646533323533306564613832666436616462666331656664353335313131
39356435386333346237333039663532333831666538323337616438336439306662383532316166
65363233653332326361613530353837346236636537613262376332626561353838623565303236
30396332313561626436346662616365326339623237323563633735623739306263633265346534
38383031643537396564343262633362326438316631363564343464306635653964303639366236
66343632333239393537363261356561323061326233346336353935353838626235333863326136
30616334653134336337376538333139326536353437636563376137616230343139336532623930
38373966376437383565613634373536393332333262363538376161303165653534346332616362
65656336306165633466643731626336363165366264373864386438626361363632643538326662
37363364626263393735303136363836313434643737616561346632376162323932376666313830
39303565363332383537623935653339313365626131383034386563303131363230333538323965
39336631373330396365313733633063323530363835656331376536333234613937393963653433
33383433636463326132316238326638376134316331623731636234313731646336633236626165
66616639303832336236373533393035666664333561356234626432643363613262363033303430
64626136333538373663623065363738653161666532396538393738316638393433633062393632
36306663623765626139653037323536323863313631623132636266306265396537366366353034
66333931623938643438373764363564366666366563393066303262663662363038316236396132
65633139343738383831613838376138306139623962653135376432363663656533653337393362
33643937313265346463316163346661346334646137343065653334333633346164373963636336
36656136616630326364623361316164653631663830353361666135363433363566393031623337
37396665383635346136373732393466663938326334326665336538656438346538373261303531
34663661663633343864323165316239313437376333306135396338366662336239343637643031
31303865343938623364386237656138656431653262663162323863663837626132333863353530
35653861346131316664653634336532656438626564333136663839633933663932393835306261
36336532333532616164373135363536323931353365643461333230343631313837313834383539
34613462303665663538323861323633643736653832366334376161636434393831386566393233
30626339643363353765346336356231666633323133643539633731303932626438343131366435
36343032613837613331613731383461306464633939346366306237323833353964386338303365
34653635386234373362363932343661303332613136666366633731633065313266643231656538
38316263353139386564636132653533323238323433636436393035666163633837663663636237
38353138623433656135353730333432303262343465633465633463393833373164643565316663
62653961333361383330333330363133613532643736333537313930643835663530333063386335
36386666353237613333373338333835306638643931343933326432326530373666313335383334
35633035633436633434613462633837396466373438396234613632353439336430323665646437
39376431383234666162636238336235623430633961363231346439323536346435373533386239
37663866386563323366633561636436333639323431353536616437396465303365653261333637
39356465336233383730393533333633623263386430326133343931623538373336376464306533
64313533653564646437333537316465346563376266616434633538643835646561323462393264
33393330616634633538376661633337306461656666613037396263616265336233656435323130
37643764373833383530633566626563363530336535313765306562386661323434666561303838
38396538303264646564663730663962383062373131386163363734336236653465336332633636
64376366373430303263613062653064393734323030626365316462376234333963366362343035
65336265346539663061303635626334353332353236333661363138333739303432646336643231
63666138323937636239306536313861396164373766376364383735363539306461376661396638
65333030656234656534316662373135666435666536656465376238326462663737303263663137
65313164366261353034616233323261363038386563366235373061336638356136303639623833
64346131616365343565306337396561616332343033386537303361313135373932616165666134
61663134393831376264346465633036626433333632646334613964653031303463346531386434
32643036346533376264653562626236656433643839323865396561666631303033643931396263
32636132343762353762636534313033656139386634326534636333643066383364333261623931
33303462653262356661
