$ANSIBLE_VAULT;1.1;AES256
65363366626432613332666264306332663464323161613138643138346161326235346332363863
3863636336313962653563643239636661313635633564300a323930643464346462663838373263
63656639363431393265616265353138326232363834363965633864326336313630643434323636
6434643938663166320a313166383264336662363764643937653232643032616339383963376162
35323031313837383431656264653731326233656165383962613931663434383331313263366164
38633838613131656463336563663262343934623064383064656562623432326338386137666333
64323638633862323065643731313431653033373033356239396330323836623332636564336130
35653137323663303130626564333364653736343165313435343863373632383664306232363331
38333934373439313964373839366637663431353135636635396631653863663239653839336132
30303864323561623133373462363761336466366163653135323537666336636562366230383133
38636435656661653165316564643638356430666165393334633335353033343837646265373438
38323235366165303337373463626563646234366162323034356663616536313762373162366439
66363934636135353138316137643233613532646464633139323263363736356633343433363235
65383635666265326365333338303036363035623666633464656466633633376166396366333236
30333864323262383236356633633339323636356261383030383933633362666238633064323530
39363066613065373738373733623764383865333830646331393138393132333338626662396233
34306666376564646164366433343533303839373033363164316138353365366662396238363234
63396465666137666134646365383134663666613964343061376464353562653031626664333061
38356562656239343732633639396462343361623036363237623961373631323932366339366233
63646536633332633832633063323833366332636662356338353465363136353733626436386235
39386138656131663864343966323533616666633332626632306666336565663366343830313862
64336631353035643938356435373764343732333036336636376363633763636261383563366665
30343162363834623731646562363330306561643763643962633232303237363961656465303930
66336665346663346665613438643239633637313036633366653536316262313035623561303639
62303338313164353662386665303031333831383466643161633666323931323637376235343666
66323665356336333535643664653738663539663966373834646232626437306538356561346565
31343361386437306666623064313334663639303737363162363766333238636364303434663062
66663163313865633237303962303236386231613634323135666235343562383062383034666136
36383663656464363036636637383665303366356664626532616531323631613836636532373366
64643930653932396165343632313761333030313965303163353239353264393564663666653236
63313465376633396131643032663165393364306566326139663062336633643965326262306663
31626630333434393431623839376138613464333234633662633566663632623262353335333631
34616162383930613038313637313738316262616337353939366335336136306337376466313231
38303537356464316436326432653131613339306663343638646162353235343935326165383330
30653830323863623838643239343931333430333235336134306634316437656435323137376435
65613661626166643938626330306663653962343538643935616232623365343737333831616632
63643838633663646262666363366234336432306232313236363237616236353264336235666231
34386130633462346530373233356366356361306139373138366433633761633033323630336362
64633934663561656265363063633435626166366636636265303365633364353935313434383366
37383065346130626162303737373163303036356166633535623635303637363636653561626662
64366432636435656534383039346561316565323534343961663764373464306534653633316234
35326138613235356637393235376331636563636166653366333236666336303365616635383730
34336362643635383534356662666230636336633163343366626666326532396335646131313238
66383366646335326635333639376338616262633731306662333838656564616639313433313664
32623964383938343566336533396639373863656533653736383461643362626164623931613433
61656465346137313365386165326432633364383038626236373964306636383533343833623136
34383131663537363530343433363037333161313965346264313936366663346533663162393834
37386464393433373838313561313136663133653439313730376261653636366138636362383063
30393563313232373162666135376361383039663532356630326234626530393866303333363736
64353630316664346333366233356530333263393534306336616233323964623939313132376662
36303661306162663164333038646463643934396562643430383335323835366163666337363535
36386133633535616438633535363565386331616336653866363162376234626135323336333632
34356131363034313334656537386538393531366561316364303230363433613262353764313834
65323336633462623261396137333164323638636635333637353439393864613264393263653536
66396164353739643236383834383638666531363632666532303936616336636666363663613433
64333637303533303664323864326632636663383163316234646138623232306433336330623464
37333662666236343330656462656333653965316231303561376263383366643137326263326465
38363334633861303434646230386135653063633861313635636637306564316632366139626361
64626638653165643938336335336636386363363930363165373532373861636266333765313935
39626537376132313761343361393430663336306365613363363631303363363434373438323363
36313464663366653262613135623235396330623737383564653661383863326461353263373264
64636339376130353331626138303738613731396462616366343563626263373363323765383561
63323130353163303064366632376437376561396564636362643063353530343138663236386338
64376464643238636337666263323431333039653931303966363631623365663239393637633730
66653038316237613137643139336332373863666165656462343139336464323734616430613139
36623365623863663733656563326136336636623464343437373362343365303339343935373834
33353433623764353131356335663465373335333531323835353135343739373531613436613538
64393736613738656238616233333364623566373231333231396466666431313335376639363334
37373561653339633430366333663538666231653965363838353764343438346564366133653066
63313935336465333238626332346465623564616361656439663436316535633032646138653862
30616431393738393334353136393931656438303364376232353863366133373561353634626137
62653536383062353765333638343739373436646332323361376630623634313164346535336633
39343337383166353862363333326236373739626334343233613066326234363632383333393935
31636537666432653465643164356133373264376166363537383936366130366566353130363533
30383734633238643337343836626530663336303536626530616539303239633764396233613537
38303530356238396663336338383264653564383339353264393332656262366230383937336161
63393036326131613131383131313661356230396163623566646366356438396231313861303466
64633664653839373538363362316466373535303931666662623039336162643536336534633233
37363536323234386134333762306536623331346265336135636464376363316132333731653965
30393664353037313435356332666638663635666333653665653831643037353966646533633932
62346362373066356566666166333262346563333433336139366464616661656366313334303737
31393738393939343833653539346534666537616337333637613161666261303464366337383234
38393236343434643235626635613165386131323433383361646637393432383432323031653931
31333264383739323236303761363361616164386333393933313131306339326238323663616164
34373137333432333362306631393462343361613361323035623831363464633563616532663062
61393739366163666362353965323333356364353662396163396432386537656664656538633836
61313166613838663862653432336539616464313331636266313035313263306562313062356438
32656630353939316138663262336465396462306338336162663836323631663066376465636530
39643665633930653065666465373735316233356561313762303936373333616331346330363434
65356135643366366131636533616638656164636132323234363433343539346331393339336131
65336662336265373833383166363537313230343035633435383462363666646135643935333037
31346332366331636262393335363164316665656666396565313435656466636365383337663566
65306230653233376433663735326137646261633330356265313732316335336636383730666232
31663330633862316536343637623061643936656264653733633766626162326166363938303134
66353537663765653039663734366362383762393136353630396465613635363830353830336666
65363165353166623737663039303738313438626265303066376238396466666239646434373665
36373332363666663561616630303763373933363362623232363165366132393435353734633536
65336333363939613861353239376339656437656634326664616465636133663134613531643938
36623333326437343337386638666565376138643439613338383930393864346561346366346131
66623864323931303134323964396563623733626231363863383139346264343266613032613336
64386336646564303439346338343032326438613463313934363764653135373233313232306462
36623031393764363361653331646230646132323863343433343762653739353038376664663231
64653537343632373638656233616333663965646632653133343333303234333531356466346532
65356134303662663336393966613466663535346531306335663036353730326338636237613961
32373061636365383836323661386363613037306438663031346336633662323266363862323166
32313038396130623231623837356562316338363661356238346364663062336336633530613230
32376265323733393532646363313064353832303937336337316139323065326532633630343430
37653538636131333633346537373533346537366161616264336437323038343663356362376261
38623734323765616362616663666664333164613835623165643734356238616564633462636366
62333536326634363566333865636234623063626131303862626333303438363733326636663834
37323632363230623134373862626538326665373530356161663333633832623039623737616363
30653862663637346338636461663933366339343937623030313733313038656331323966333839
36303263323364386334623763636539616464663937656130653363383930333465623063313233
64363230633332363332656262383730303437643733313964313433653061316666353138396633
34333938356334303331616137393938636161613361613762363964626334303434653839623634
31366136383238643836633734396165346533363563313337623163336439646133666465366261
33306362323737643937633761616665353463303633643463346636323766623561643066303136
30363639303863646464636230333464626239386531363361366236646465316538666434646664
36396532353766623764643363653639303066613933623630366361326330386431313534356138
30393661356266616666396232666462656664613866386336316466343034636161633566663331
32613765373134656433313232363661346539626337616162643461613665366333353630653837
34376534393464393638653561373432633166313138303463303865663433623534663664316165
62353934663135346562623562383864326461656235633037616634653032623761633339303062
32666631393061346136356464396161353363636539633933356565643136393366393439313235
32636561316561666438336437623266376361663332343838333933356538343234643736343036
39636364633332303063326534376436343134613736323734316563333363656165643962316238
38323732393936316336376437323138323731393632323139343365613837623131386532666264
32383561363865313065386264393835306662313432656234646439626434396439393062366635
31393734346166313264383938326535363432373563303037623963333839663262363535653232
64653233643862326638376136363137336231373831393131643937353035653931303664326535
37313564333634663734646331373061623161613464373034356534336239306537343762313431
63346535376333376233396461663864326631633461653064656661356262323963656637653961
30343961616339363337633461663163393639613932393031306233376366616134613565323666
65626261386234303639373637373034653966333862613931323562376439373133623032353438
34376437636261656465396435666431663962373034396262376536343635656262663735633332
38653636656264306666353833306133393838613138346665643030336166313231346566343665
36636634316162623531643164356263633763313136363862626462343164363436393239393338
62623633323066353039363962663966373561323938393335376134636533636436313764333963
39373737306334643337316436656266656338656539663938393131316464323466663663343765
34656439306531393638353237653461643566353737663265306463653661326332623938346363
63353530373633393364656561643163646364626265326463353864616532616462326337326133
30653866393865313362306664376363343662656132333237333061336139336531326539303535
35656438633632313533316564326335343366326338653163353931306566376465383265373164
32353965653364626437386235633466616234363638373836663861323661363262353163306430
63313363363534616133376163613464333435383761306337626630393738623138333835326465
39313437306138633034376534636566303236613932623263376461636232663338343166653166
39633561653430326238393964356666343161323233333962333130333134656533353535383736
64333264626335356539383830343237373062326563313437323737643937633835623139373862
38396533633764326534373235623530353132363666303538343435333236396530343832306166
63623635333765376637623739356530393333316532346136316536386339613731613130323365
66626333613563613033666364613065366562626235376564656633616631353232356631326632
32663562323063613132363937346664663165306363623465653965616661336266323662333065
39636335383333303030353465326235393037306631383165663463663535303765306265373466
66343562376666366233393030383530323732663636346637623932323837616635373739633466
38376339653138373934613836396662623266396537323163383964613338303232373731303362
63333465626239353633353630313036656133343038616131316164386137623064616335393365
65313730653536323062613338333062396132383366653532623265613931633061373234386462
32343134633866363439626662626438666135653732383338363430303938613931646437353932
64323730653337663939323462316366616230333831636135643962616438353461393935643565
63393465386236343438336632343039383763383865616230663531613734336464613265353564
63393464303962376664316538313038323839363736376336373266346264363065323038646631
38653930303362393261363239353836636265333163326166353562363764626537313639646635
66373931326135643662303664613335376261366264623638313739663831396337646566326633
35623565636537346363363763623565316164356437636136303735393939656238646461643662
36653138613361663462623661323464323662656238326333353963343163623663373732643439
64313431653865633261363661373530356262336163316430333064373561613566373938643936
61383832356236353037636661336135363736613638323931663962643438663966303464656464
36306130623937363239333334343131643765306265623361383131613131623130643539356462
34353734656264363933376333383064623832383930653236633864393032613064323665333266
62623731396438623436613838326537373865663934636636666361643731313034386564656135
31346630626234373362643639326335626463356638633632646136373862346436326163623364
36346230333565303137616636636361363530636536646633656535623530326466366134376137
30623334356666313639343839623163316561306466353032383134363065373636616664343061
64356138653138313861393632386565336230653438386465643830303338613162366632376462
64303766326334303538346361396538626639373638303534626563626666663333306466353739
64343163633237376465663739613266666561313433366365393135363239303435613932623539
35356631626337393463343435663436353261666535636536613131343635343863666435363030
30373636646431386435316434313239346632663630373764616137393061363631616566396532
33383634656437376433396432666464356533623762613139633037306430663431663436343531
31636337316431616238646633373363356436663132306262303533656137613765326232656439
30393866623061663038633434386233393533346336373130333034333964643334366361653636
35613561396566306639303939646461326138386231306131313533653863626432613366663338
66626531643764653039383062376537653465633364376238616534643563663933356338323139
35653332616164643730376636313761653662323865356261653139643863393130373362666266
63663534326465633262306635326664623437303934353539323233666632616430653536316232
34353536366664366261353737626164623962373038636335376530656162613430626464636339
30633334666662396165623430353630326665363635373366366230313032633866333934623734
34333938363161376164373862653233383535386137393865393466613362656365643665313862
36363064303130396562333235613131303565623432623837643832376463323936626365323264
32353030646134323639386436363635373139653939363839376235313634663462373763316239
39636531633039663530366464633039616430666636313461366639616631343262313139663764
39633433383330383865333236363730646336613162373433646237343362386662393435373335
37343264356661663664303161366333613431626231653139643839353734613139386533663361
31336438346262333963366339386333336563383530363130666435343236633236653166633065
61343838356238306464373336636162326233306165626464336361663530383162616334356634
31656330616561336461646234303438363930323238366433356665646561366437333461363131
63626234386462653438323838356562616639626231656630366638626463313834306166316538
30363865623765386531613161626361623139666432613334363865363435623235623732616561
33663734623936343061633234353534393734336138373233356538323037643366613863356537
34323132306539353162303562376562346261326437626238646562313334333838316566326137
35333338653062333161346432306562633261333863323965323239666331376232393664653939
61396663366132393862343666393935623533653238396433306539623436636165333936313331
35343932353536333737363836373464323263313836653163393231623631333430623437653133
37343633336432313938323663623339323937306236313439306534353561363336396632623965
35386531336332343239643333356537623361653334333063323238376566613333333837343834
38363662353561373935326538646138306135326532663534353731323066636634383930666233
34323437343037393664383330633064333637323037646536383463643865323938623764333265
66346135643132616161326665336434626332366532366339363938336336396565663264353963
61333563633666386635306635613435376634366235356261613634346662313566363131653336
37373365366466313337383939303337626533366637306363336564646464343163646337366139
65363266306436306665663633613933323465343236306561313237386131303765373631356338
32376636396535616164653634316431653362313930366133333963366433383137323632636437
33376230663939336336663539623862373839623333303836313661663631376232373533383932
35363862366239373863396430373061303334653530343633626631623265623761336462353539
62316265393163383338613266663566306131376533386432653039366136333937303632326237
31623038396533316563383535353764653134363735613733346262626132353665616630306539
36383132343063323465313836396134313862393266313563633135376164633163326265656630
63623337353338643539346134323430653161333534393336643734656131643133393834633161
62323735633939323563616437613733383466336264326633373163336230363164643439646638
61616564393230376136353630363035396665633663316132383030626262376134313232663632
66633532396262356132626461653834303633666638363434643836313536396338393761346363
30633965623363343730626136623234363737646338346236353165353430613166333535326432
36353864303764663131313238303037623739313036656432663161636239323434643236356630
35616334646130303338613935643235323937323939343566353435336130373139666135306433
30633564393463333538626466303635653566623332653764383730333630623135383836636433
33363461323530363535306139666661633836303866376164376131316635613130323834386464
63623134366561636232353932386161366131343739383863313831306637613962356364623138
35376561643766656361353833663864373933336563613737336235616362653732346263376366
33333466663862346264343137383238653562316131626239343637623262623463326233656638
36346632653766353266396439656361663165363063386338663336613134383532626264633166
39646536313761613363393538343031316432313462353338346531616231393034623563313135
38326265313563616665363330613366356565653366363837393838366231656339363935353062
66623531663136393239663662636534393432373366653830313863366463313264313265356137
63323239623231643162666538343336653465303835356166353465653365613965653435346137
39663030333539613337616634353134633864656364393934353337326166353166663566323066
36643332383664343164333731646361326130313933623366613163383261353962346362636338
33653864326130336562663433326336326664393564316261333430656661313665646636336465
66303261373165666564333036383431623536383130303531363761623232663165653864303031
64353663326134646230613833383165393463346530646234313635353766636339306365383962
36343962353861336563303435626433353163633136653833353333656162343765626561303933
66393865353232376531656336656662623265633831386630323165313432366333643131396633
65646662376165336135626364393139396532373930363066393739363830636339376138613031
66646335393361623965643064643338323438396534623865393861303939623331383437363034
32316466653364386535636363663565363865333566326466633366356231326333323538643966
63363338393961616361643765376630316638343438666563626331623762653433313065333834
31373666623539616266323238663165643839633439626133613433373361643861646262636536
36623961613165663464356431383239393965616632313832343338616331383165633830623664
63323562653365393366396136643663396134616565306133303631643531613838666533663030
62373066663434306634623163303737643736613934326232653530323337393836313130396563
61363164636336306462393233346633626338613465383734353031383135323130343561326562
65386561343039623834653064643538393039633238363932383264626462653563396161386364
35623865393030623436623762643039376130303439623930653233316230343439383365633238
35663633616632656638623032653932666164663261323961353863323937633733313538343964
35343666643035373330613236633761376139613637633038633538363638346161623332393261
34336438383936356431633834383839656634383232383333636130366532613836616532373661
62666239326631356263636338626530616130376464613334393261323366356534346438653132
37613864653636613263633561623264333064393339393665353462623366303434396238313161
62663565323637386435613266326166623662663763396464343862353731626163303962623964
38306564636665393638623833653931623238623434346338353437623066333963303666393363
33616362333431646666663162653831643261636534343165643632373837373665376537313836
30633435396238303138626438323231316232356262633039313237376237323031623266663138
33343239636135643232633462346637336332353333383832326634393634383834613432653538
39646530306136343332613365363164343338313366386362626565623766313161663965383761
66636631626135623039323638376464343430306439386534643036366231306237666631663330
63626465366431656136393964633862663266326436313966363334363466343337303163333234
64366361656130643836633537316432396466383535656366356236616433303436303665656265
61343863353136353235383233666665396161383061323733643663333165323665666265316165
62393239616536656137613235343036326164666365643134323366326162303237353930346563
33303831333235643236393665336637366431666637346662316637663532396135643835376135
33393961343436373363623461376231633330306534346639616164616663646534366132616637
30383232643132393462613735353764313838613237613137373265613463336462613433346661
65666231616337326432626538633564663565356165343630303566383937386161663963343633
62316235386538313266356235663132386638643362616439323464623732633332363137653039
63316238336331646266373763336432343766303264633332643666373562636130343831663232
63383130636432393163613138376431383466373832383761633064383066383935343664643738
62656531663038383762306230336332383561643963343631633136646236353266666130323336
39326338616264656339626630306538353839653439393232633266346662633263396266613062
63313665633930313565383163646666393235643532636236353934383764333666363861613335
31653736643161336365373761353739653036623339353535663063626631396261613439613265
62386665363561643363333163343831386131633830616361633331396139313839303834303666
39646233343063646335313737373237386662376463373962323765346433323864333437386533
30666466356139633230383338316335633036343563343337653362373136626234333530326238
34636636313730323365306334613732333530633763303764613231313436343634383534656464
64313565303539323538336239363962623331383637633633313362393639303766336534636364
33303937363132343634393865623934353630356330306535636338333561316166643634373066
61373266306537373534363461353731313638333138343134663366356232343732663765343331
65393830613333633839316466353161363739356330353834633836386535663631356130653937
62623534383839313335653532633733386563656638363639646636306335303665666364656532
33353764353561383637346339396330366332316438653566666537653935623034336435343430
38343035383439313739626264326464303531626530616235626638306261656661666535626166
61383565393265373130623961373632633539363933616130653838313337313165373034656262
65343962366565323764333233383035656239636365653465373862303066613933623530633662
66663939393233316235366536333434306431323861653336313030636266336137623931376164
32366434323533393964393064623734393164353934313761313965636563363966343238623837
65323533383834313662393233666239336137383139626162323835393832366534303233623737
34336430643333616666626234616365353635353238306637616361366362333066646662306163
30623865323030353866313664643836376666613966653462303037393365653863366635396364
65383064666338373033663765633833643637333532393539303765373930393036336363383434
39383031353939363865346136323263346431626332313165333562376362646233313662666232
66626430666563373130396531373366633565326537626135656163633763666638626139373538
34383934633334363032646666323838366435373335366239653435393935666331623234613132
36383862396130363237356636366132346637626336386164643664633439306430306534343138
32303431613566333266643263336433643133333236376361353132363435313831333833653332
63626363623833303931333136616631383530666362623066313239386166623161383964646265
37313366653631613935363662313865316434336465653566313335613231396366333530343436
63333461376135303862386539613063646662303364663233366432623039356637663832636564
32616338656561346439306436333565393537343836393930636334626332666531396334396265
37393334386461326637376630313635646164396234313236623064623536366365333565646461
65386530616438613864626134376137636331643065643464306330373032306136393337656231
33303062336638656236343038323132343136323337396432636232303565663233326138636566
64666237343031323232653632626331366164616263636437356266323839656266323134383533
33343235613830653465323034366162336461373562353966613434613737333432633539393534
33653734363566616466386336633936383036346436666336643134666330333530616330656165
66666630336663376135393639663636336165663330383931323464653431356631613864343934
64396337343634323363343961343864343833396532303963656534313866633631616464303661
30383138663837333834
