$ANSIBLE_VAULT;1.1;AES256
32393832336134333761616436336236336366376531336530613037383134303161646164376338
3332303830373263343438316262396138373638336437660a326661353364666261303232396339
63316536346162306337383334356533396431363539346336396632653539373865643733633836
6638663036663030380a366665616133626363353064623239303835303237613664396132653137
63366664323762643665393830366133323634323339376635383036663363376130333032636365
62323031393936666461343832306166333934663130356539646434666537623562666135666533
33613931346463613634323134326365643232636561363933623233356461383562373530366265
34336365363366636431643932653135393565313130623036346632343238396662636435393037
38326162303335336236396231323465366364643066396536343036653037383337616635353962
38326266633735386630333964633664636138383735633536623962633434323264373939633735
62613766343636376232393238653665653838636564636666353830333662333765393833376635
33626131663865383134653339373062623239643930383365353435636164653164313638643862
34333462353563633163396566663233303064343963343736613630646237386433653161376536
31326431363138613233343339633666393830306666656537626634343361346462666339646130
65313636636137336638353336323931346535643638623035376135303432643135383838323964
33303865633436316632323438373435346237393561626163393364636166376432333531616163
37393264343631376461633363353630366565323839366565326461336566393361393939363166
34393939373135306361643035346564643964366138356164303636626230616634363239623665
61366639646230313362333439323439356130353163373133323531373534326563333366616162
35316438623832323532353531326361386132613063353464646136373133363733386434316566
32636234353436326631336436363963366566366239376531323337626633383165366332336439
34666238336466376266633639653237343135306263643136643063643236323865336662643835
33306234646336653532643564366237616366656363336133633364653862323133323538393337
62616134646262323462343565613734666639663363386264396637616139656137616536613461
63346233646139613761323561383833353134343162613933656466373237613264326264316133
32313963383330663662353730343237623366333030373037303364376534376537316236666338
36303435323538383333343466343237323530323265333635323136393463383132623131366231
64666238326435663839396237316165326231313364666234353535653438343331353566653633
64313761363464343334663965356165356233656135326333656636336430653362396236643534
66633962303862656664613366323366656561646632383533636361306235396530393431623434
64336238313266366465613863303361313865356264346561663131393132633432316662613066
30646662336465396234316135343033356238653631393935356266653836343264643563653564
61633664643266396238326565313062303439316231386139373661623664633234343266643332
62383035346362613139383836333866353336333434623063306462626232633739366130656465
61313133663139656364303937643962666230646539333165653234663530343338383231643536
32326235646164366266373536346134656231613932656331396339613863616661663863383034
32643034663034383638623537653063383964663762636638376131666665353662656461366631
34373739303132653035656665663139363738653436396432326262616638316564346330636563
32343362353932346666373936333661616436613766323262656638376137643235353338623932
64363838333335656664323137663862616335343935306465323566616362313739333038393730
62623136353237613034343138313836333839353365636161386464336165363030313163623736
38326564323538343166633262626163306133323861316162313137636536313461653637333435
33363263346264376661643333613839333764303064326465333231666533383339656636666664
65323963383833303131633532633232646161306135343737643032343835376334663731666436
61333038653465353963353237663437643838336565383338373664636533656466623635376331
35303961656339666433353031353935613064303132366330616236393365336330333338613932
31383266626461366331303038306134643263336661623461653066366431376461316462666130
36316237336637653234306230633761666235616436383738623364336362393032366233333861
31623532393233393133316236346533356132376436653264376364653064393063623736393930
36303162663562393339653966663030353834636231326531346432333033353736653136653532
62363666613161393739363933363034313532396564373534333131363432326366616264633137
63623938373333626135666438303965396263343537383539643966303062333231386539663963
39376335663730323561393166393961306539636266396136353537313934633738356666343735
39646130613735396437613164353334333332633335333065633935366432353637663535386565
66393932613730393666663534636266633030633130646263326266366430373932613661316139
31646266333566633235393332343461353739646366396337333065643265393864326638326535
66626230643939363236623635356634656566373635353361383937343937666139333237393634
38656630383133393536633966646131646133353437343331353062623230373934366563643063
31363536636364616161636538663961643338366463396661383665646333356464643232616535
64633636363938353139313461346365383439313735303834643462633738346563363665383461
61646237393436373962666338373862643234393663383630393435616434663063376466306166
61396262363065626638373465316139326364343239396433303532303063653864353337653337
61306235613439323965376462386137343439643362333230643039353266346563363339623636
66353132626662653465626266376530623933393965363362613836663939316465353366636135
66323033613533396234356238386639333562373236653330393532343031646235383963343834
32623238633234626230663762353435666437303762376462633530373735356635663732643030
38376161666136636563353662373238343935316335643065383766303963636361313263356138
36353837616135313866383634653233316264373236356531616630326466333633336261646464
61386433613532616366646630373866343665636365656461623530383062616532316534623363
34306263636333633734666137613330663861663637356362356332396435623965663366633332
63646432373233373339383636623734303465396430373334303766393232643465663066383564
66323365626236363065353536326530323230316435653039323966656261353430323437356139
37333636643135623638306337356364626336363933636436636432323565383830346538376164
33326537326234616437653639343164383461336434616235313064646133396336653363336436
36646363663165333465306563393132623333353762663536393531666232653833383565323465
34383162313063666263336163376462323161386536623763373932616232353634666137346632
33376239373032363633653237636134633631623432323763373631366165656661353637383038
61363439323461316131316131353231356537313963643163653331616335333837306632646133
63316666393237323933323166656236396336346334363763346532383566643035653138653934
30656263386165343836353938393539666435383339326464303766616466373737633066386264
32656534646133623235663430333161333131323663313634653935316363333666313536663762
38623736303336316130366666303236386333613061366562383334383432393262633862386163
39333335616530383263306238626664323965383633323764313239376638326233646661333038
61393339663462383731653963376164356639343064393739626364633238323232386463656430
63336237363437323366306661303931383438386566633233656232666632646338386331333766
33613365623564343766623866356437626661353531626631393734343630303063323838383461
30346662643665333639306361656330393764616165346435386462353338383163326536323963
65663261353439336265633030646530313465376238666666363265346630383134623465636333
64366662623033646636343838313837643532626331633731366239303835306562333065363561
38336162333266373566373932656630373739363431373736386136646366656162616666313863
30343131656535323432336362393235376330646232306665376636323234323236313862393639
64663739666331346436656165343163623663376164323735323834316563353862313461303936
65366564643766353266356631383533376536343462373465323735663131373630663965663833
39333033323763643231643166303263376161636635643266333832303038316564623730303562
30363064393335336563653438346530653563616361656333373361623164623636656530376532
64363765613361333633353865303637323663613064633063323238346265393962313637353934
37346433393065656138633536356662613264626333346233363236633938653965363963373666
66373561326533386133396461613930313135616262353433666238326633326130666339653830
32323064643437666136643030386565383131613937656430343862653437373938613763623766
62313738383834663466623339306561623734623338393633646430656431353139663538393464
63643933376461306438353337666335633031323466653262623239613961363966636134643832
63633838393230653832376433356431613235393265306132633265663533396639383765656133
38666134376237623766363361623432643936393664626231386633363736313433626338393064
33353330386665616262326165303263663639393032323165313336333337666563653536343930
63313163306639393936326261616264386138326234373031396363636563313930383032396236
37656139376266646130626536363230613133363330643036663231613530636661633230633930
37656439616236396235323766353439633162646361653539633834643738333534613731303633
35626539346431636165386433316334383239316131366233646437386163323431386462346261
62376231383361373466626133613961663564636334633234346261643330613634303131376166
33316665346135383566383737343236626633653330333463613035356635366466653833613961
61316265666433636332396562666534373563303335373337363364383833386235363231353538
33383435303530643036336636636234353938356666633630353364333962653133326338396337
31306138643730613738383931643762326533663438343361313064616136323938616662643231
30373466613230643039613332626335636238303864666165643763643862353830613532633763
64653364383635643863366535386463616463666664643662643962633836316631663265393035
32616133323733666535336564643238326138363930373038616336313237366236373435373735
33613136333766633866306633643838386430623231303038623936646462396166313962346130
39316130386537393234626134323935653063633030386165396664633961613833343834343835
33666330363439336330313635613736643166323464346363636661366364386661366139653563
35353163313031316339366239363730656131666634373032663037663331313636323663333963
33306639653238316665346639353562396634616163653738666163663136363134306638623837
37333361353166653432313061323737303838373462303764343461383463383230313439353639
37376566666433626164353139323131326537303334356632346637653464623037306130346139
39656264643835623735643537663864333136663935313765353366313737643163653064323063
37336136363034653261666630643232616339343862326634623562306531613066303437336666
34393130393664313435376564393065326363396362363336313365363630336530343563363164
66646132616138346537306239373162333232633532313764656438376466393631393561316462
39616334623134653638393532333362633130393064343330616533653933623631376666626361
37626166613533373138343164386434343434313766366263643362366130633037613330393963
62336638323631613266646239353130383962386131373866303838306239306334353062636564
36303532363839346534373332333661633933373038653530383235353134663733363062623461
62356662383434323434306466306632653233326238383331353433663063326464613836653534
33636132323931646631613330336131353834303733386531616661373439636432633732613534
62663363383465376564623230373861623631633665393333303832623730383438643563333262
62343965313964323366353133666434346333346261353863303138393631323639333532623538
33666538633164613333383037613166656230363439666530646161616330636462333037313964
33613636366439366166616462306438386266663139353865613538363037663030373239633937
33393639633633333466643835393461633933623030626434613831633765653462303561363938
66613562613439366461363532313630356631346433653531303062396562333937626434336532
38386133613865366139343163343265656365366530353965393265386262326561353139353137
64336430326137346161333665666166643932333738353339383966623831343562623761323131
34383162613261396530343332333536323835636436356335613231396466376565383936366639
61623136633763653239643431366664343564653639326435643239373435353766316232373863
31386566663235363537326638323838346630383133653463303335313832353864303463343632
33393161646463393261343762303034636666326335646464626438373031393962336264656531
64323931306464386139383634316235396533636462653838326461343439616135363064663465
37336630666234333131363737393237636265366665353466383135343832626535376230636631
63386138386564393935666635323738363638653434383831643861363665616637646636336134
66653630356633393339376230616465636266313132373765383930353837306634333137363936
65356531306266383264666232653736363735653837333865653636313831656230633331386336
36376664353633336430303166656438356138316130313766326232636532343465323634323863
63636366376562333566303736306438363663356263326439346562656539343362356636336661
32613761313566316230346639653638633464656535666237303932386664376461616132313762
38623366666465633334666233613633626339313430373166656134323663616534343637393930
66616432663863383631623064393966663230613830393030643236643262306465366635376363
35656263383064343665303935663433386438346132313635633262323963656363636130313739
34373530346361333231663130656564393566376235666132323332396563666463623435636666
65303036666532623033393764346339656266666264646331633237346164343730323565323837
35336130303530613363353032643437616264643133626664326636653533356333656539656236
61326165393534353134313836366366653733316265323462336465656236353838353763633331
33663834323165303766323864653539343238373961646262313662653530376530393831613035
66623730323135626132373165326361316236313131646263393434346566376461316237393162
31343961306530616531356333363961383932633230363463616365653865616130333039613530
36316162353039616232346336373832303939373961636665663964356462653330336561366361
61326565383739376261313466383965383864323562623364326230303665633638376335646135
65356330343433326437393732383365393638656130346230613332643763666136326662656237
35666664653934386537353761643661636561633630313336666433386161373230373838646565
30633532396436643538613366616562313766613932633135363963303963396234386561386138
62363836376536636436623364303564373566363133353463336334356438356566356266353061
64653133643965633739363537316634393561616439376263663339316663383464616135323361
64303439613837666166383433356265313366333963643634313136336265326164623436393865
39383865373262336364336565633530333332636631316461623739636663346366623737306564
34616537363663653737623236383262653263396535326336326262343764653134656166663666
35613535643030313338643766653530653061363538333165353836303036346230373865356236
38646465343066306162333330333136393462343131623631363936306438353834646431306533
33316633326234623962336365633463393466303436623266383132656334306561623234613062
61383737613637333432653136666566653663303436353232383833343662363235363535373461
62313932326266383832313864366563633163323839356130663431303065363234366366366438
62313834623639303839626330626130323238656331386365616331616438343233626361323962
35316264376135306234393536616332343962393531613132343034646633393435323839353663
39613464383934383438626230383561363462356335363264633037616635306662393764653064
35303462356637663236343565393736393830326363653866633033323237313135376463626331
62303364666236393235323539373434326532323134353535633130366332386633343163366636
64343936633764643837376465656532393466616534383035353231353036393939306362323536
37613939373939646266333238346136326261346132663962373432396435623438313236376633
3365396361643363323430323534653262323163626466376334
